1 184 2 
1 29 2 
1 31 2 
1 12 3 
1 51 3 
1 102 3 
1 13 4 
1 14 4 
1 15 4 
1 57 2 
1 378 2 
1 859 2 
1 185 3 
1 30 3 
1 37 3 
1 52 4 
1 142 4 
1 195 4 
1 875 2 
1 56 3 
1 66 3 
1 95 3 
1 462 4 
1 497 3 
1 858 3 
1 876 3 
1 879 3 
1 880 3 
1 486 -1
2 12 1 
2 15 2 
2 184 2 
2 858 2 
2 51 3 
2 102 3 
2 202 3 
2 14 4 
2 52 4 
2 380 4 
2 746 1 
2 859 2 
2 948 2 
2 285 3 
2 390 3 
2 391 3 
2 442 4 
2 497 3 
2 643 3 
2 856 3 
2 857 3 
2 877 3 
2 864 3 
2 658 3 
2 486 -1
3 5 3 
3 6 3 
3 90 3 
3 91 3 
3 119 3 
3 144 3 
3 181 3 
3 399 3 
3 485 -1
4 236 3 
4 166 3 
4 488 -1
5 552 1 
5 401 3 
5 1297 3 
5 1296 1 
5 488 -1
6 99 2 
6 115 3 
6 257 3 
6 258 3 
6 491 -1
7 20 2 
7 56 3 
7 57 3 
7 58 3 
7 19 4 
7 492 -1
8 48 1 
8 122 1 
8 20 3 
8 58 3 
8 196 3 
8 354 1 
8 360 1 
8 197 3 
8 999 3 
8 1112 3 
8 1005 1 
8 492 -1
9 21 2 
9 22 2 
9 550 2 
9 534 -1
10 259 2 
10 405 2 
10 302 3 
10 436 3 
10 437 3 
10 438 3 
10 998 3 
10 1011 3 
10 493 -1
11 27 3 
11 28 3 
11 262 3 
11 160 4 
11 20 4 
11 263 3 
11 654 4 
11 495 -1
12 86 2 
12 194 2 
12 650 2 
12 649 4 
12 652 2 
12 624 -1
13 64 2 
13 265 2 
13 65 4 
13 311 4 
13 496 -1
14 64 1 
14 65 4 
14 496 -1
15 463 1 
15 462 3 
15 497 -1
16 266 2 
16 106 3 
16 196 3 
16 498 -1
17 106 2 
17 196 3 
17 498 -1
18 196 2 
18 197 2 
18 198 2 
18 498 -1
19 32 2 
19 67 2 
19 164 2 
19 639 3 
19 715 3 
19 716 3 
19 719 4 
19 1379 4 
19 717 3 
19 499 -1 
20 87 3 
20 88 3 
20 104 3 
20 267 3 
20 268 3 
20 269 3 
20 270 3 
20 407 3 
20 408 3 
20 500 -1
21 271 1 
21 16 2 
21 413 2 
21 414 3 
21 502 -1
22 68 1 
22 502 -1
23 900 1 
23 902 1 
23 200 2 
23 201 2 
23 601 2 
23 899 3 
23 903 3 
23 593 3 
23 199 4 
23 594 4 
23 901 2 
23 544 2 
23 597 2 
23 749 3 
23 917 3 
23 919 3 
23 1333 4 
23 634 2 
23 687 2 
23 698 2 
23 1290 3 
23 700 2 
23 704 2 
23 705 2 
23 1109 2 
23 1112 2 
23 1141 2 
23 1197 2 
23 1256 2 
23 1259 2 
23 1272 2 
23 1289 2 
23 892 -1
24 46 2 
24 47 2 
24 92 3 
24 756 -1
25 213 2 
25 212 3 
25 214 3 
25 215 3 
25 216 3 
25 276 3 
25 277 3 
25 426 3 
25 427 3 
25 511 -1
26 145 1 
26 611 1 
26 376 2 
26 406 2 
26 565 2 
26 1076 2 
26 511 -1
27 224 2 
27 278 3 
27 428 3 
27 512 -1
28 224 3 
28 279 3 
28 512 -1
29 250 2 
29 514 2 
29 609 2 
29 225 3 
29 793 3 
29 464 4 
29 465 4 
29 612 2 
29 466 4 
29 513 -1
30 225 2 
30 464 2 
30 514 2 
30 466 3 
30 609 3 
30 612 3 
30 793 4 
30 513 -1
31 776 4 
31 751 -1
32 465 2 
32 249 3 
32 777 3 
32 778 3 
32 247 4 
32 250 4 
32 752 -1
33 252 3 
33 431 3 
33 141 4 
33 516 -1
34 252 1 
34 431 3 
34 672 3 
34 714 3 
34 799 3 
34 800 3 
34 516 -1
35 166 1 
35 167 1 
35 132 3 
35 517 -1
36 169 2 
36 168 3 
36 518 -1
37 173 2 
37 188 2 
37 172 3 
37 97 3 
37 121 3 
37 187 3 
37 242 3 
37 409 3 
37 487 3 
37 519 -1
38 24 2 
38 283 2 
38 552 2 
38 272 3 
38 557 4 
38 558 4 
38 553 2 
38 554 2 
38 555 2 
38 556 2 
38 536 -1
39 272 1 
39 555 1 
39 24 2 
39 283 2 
39 552 2 
39 79 3 
39 207 3 
39 418 3 
39 557 4 
39 554 2 
39 556 2 
39 505 3 
39 1257 3 
39 536 -1
40 24 2 
40 283 2 
40 552 2 
40 272 3 
40 85  3 
40 976 3 
40 557 4 
40 558 4 
40 553 2 
40 554 2 
40 555 2 
40 556 2 
40 536 -1
41 288 1 
41 289 1 
41 433 2 
41 520 -1
42 468 2 
42 467 3 
42 469 3 
42 470 3 
42 775 4 
42 521 -1
43 467 1 
43 468 1 
43 39 3 
43 503 3 
43 775 3 
43 469 1 
43 521 -1
44 302 3 
44 436 3 
44 437 4 
44 524 -1
45 305 2 
45 570 2 
45 308 3 
45 481 3 
45 338 3 
45 1226 4 
45 1355 4 
45 1185 3 
45 629 3 
45 663 3 
45 798 3 
45 572 3 
45 525 -1
46 305 2 
46 338 3 
46 344 3 
46 481 3 
46 84 4 
46 123 4 
46 1185 4 
46 623 3 
46 570 3 
46 798 3 
46 1226 4 
46 629 4 
46 663 4 
46 572 4 
46 1355 4 
46 525 -1
47 304 2 
47 306 2 
47 307 2 
47 305 3 
47 629 3 
47 663 3 
47 308 4 
47 309 2 
47 310 2 
47 570 2 
47 798 3 
47 1185 3 
47 1355 3 
47 572 2 
47 525 -1
48 439 2 
48 311 3 
48 316 3 
48 440 3 
48 187 4 
48 314 4 
48 315 4 
48 797 3 
48 798 3 
48 794 4 
48 265 4 
48 526 -1
49 320 3 
49 478 4 
49 527 -1
50 326 2 
50 629 2 
50 21 4 
50 94 4 
50 22 4 
50 306 4 
50 528 -1
